     48.44 0220
     51.04 0221
     57.26 0222
     44.29 0223
     44.57 0224
     58.22 0225
     56.73 0226
     47.83 0227
     56.48 0228
     48.43 0229
     47.05 0230
     48.92 0231
     56.86 0232
     46.46 0233
     52.71 0234
     54.43 0235
     55.59 0236
     49.20 0237
     55.63 0238
     44.28 0239
     58.59 0240
     45.70 0241
     44.54 0242
     56.02 0243
     45.35 0244
     50.22 0245
     48.56 0246
     50.15 0247
     56.43 0248
     44.05 0249
     54.89 0250
     52.17 0251
     58.43 0252
     64.48 0253
     56.25 0254
     50.56 0255
     67.11 0256
     74.45 0257
     76.12 0258
     64.80 0259
     71.75 0260
     82.54 0261
     89.86 0262
     66.28 0263
     64.56 0264
     47.78 0265
     55.01 0266
     55.28 0267
     56.06 0268
     44.63 0269
     55.12 0270
     45.65 0271
     45.88 0272
     54.34 0273
     44.25 0274
     48.16 0275
     55.04 0276
     53.84 0277
     49.72 0278
     43.52 0279
     55.08 0280
     50.56 0281
     53.94 0282
     52.86 0283
     48.06 0284
     43.95 0285
     52.13 0286
     42.49 0287
     50.42 0288
     47.25 0289
     53.37 0290
     55.14 0291
     54.68 0292
     43.53 0293
     52.62 0294
     48.58 0295
     44.16 0296
     53.67 0297
     47.32 0298
     42.13 0299
     51.24 0300
     52.13 0301
     54.29 0302
     45.43 0303
     52.94 0304
     45.67 0305
     64.62 0306
     44.54 0307
     55.23 0308
     47.36 0309
     63.65 0310
     43.27 0311
     68.92 0312
     51.66 0313
     44.43 0314
     53.06 0315
     52.91 0316
     51.57 0317
     47.74 0318
     42.11 0319
     54.30 0320
     48.24 0321
     49.49 0322
     42.36 0323
     43.80 0324
     54.73 0325
     56.61 0326
     49.88 0327
     52.59 0328
     43.96 0329
     58.65 0330
     53.37 0331
     49.78 0332
     54.16 0333
     52.97 0334
     41.73 0335
     58.15 0336
     43.58 0337
     54.82 0338
     45.12 0339
     48.26 0340
     46.07 0341
     43.54 0342
     49.37 0343
     46.81 0344
     53.68 0345
     52.72 0346
     47.15 0347
     53.53 0348
     42.83 0349
     43.51 0350
